1372339422
5131753555
2098276629
1801144076
1605613676
2068471956
5067175126
5111166319
1740830400
1492125975
854391963
1590158795
5089297279
5040693154
1633445114
1648710122
1024969349
2055889653
5001114598
1908649245
2026389247
5033442043
5220590643
1909643111
2087663446
1388041292
1960829986
2095432874
1989017421
1273868673
1179563935
5081182914
1986583781
5172791230
1872699841
1496603083
1825822193
5004644465
1867842980
1812344823
5179317515
5262971270
1750115498
1734204022
1521429434
2057503928
947450794
5237081971
1666116144
5105233520
1300499793
2008315236
5003625649
1758714014
5040348462
1096121287
1609862333
1969465277
5119880073
1619531102
1930660088
5064819627
1042577352
2008837049
1272585009
1850123867
2061056007
1660851591
1675343064
1777561659
1812426828
5099826129
1899589858
5232633146
5245795664
2039955244
929996922
2120839988
1568108763
5120108074
1157141622
5183824303
1305219197
5280457447
911788549
783384161
1502698327
1188584351
575166903
223018554
5223329027
519379617
5218056979
5159844885
1507139869
981061779
430864698
326978771
5127150402
964128864
5248579766
1921586431
1996619447
5164682559
203027724
1859517478
2026105053
5234259267
5326659388
5264496533
1039252838
1927821976
5128615501
980069293
814418190
1952221711
1518496795
5056630879
5012494063
1972100576
1927018299
1420201232
1449354822
609894843
1310185967
929754915
5077962640
1309402224
5186704544
5160860298
5323889403
5008947303
838021650
1912122061
1797663492
2105401884
5391044664
1755981846
5100017209
1635226094
5316658195
918109128
515147359
5010753081
1971157870
2078064719
1222290155
5318012829
5340604718
5337978097
5030074518
1524511096
1300135358
1927764453
1399755636
141511747
1608676343
1042365405
5174817914
5322755993
5103470091
5382564547
600690391
2146601357
5386123159
1112829514
1460574432
5040679101
1324551477
967549191
2121920562
127766185
1952151014
2118683119
5316913457
5217147367
5175916459
1395046657
5025234342
5262072037
1353452490
1392934358
5170181545
1225485784
598656308
5289305353
5240976770
5074908117
340267101
86314233
1512437535
172499294
46147822
168588709
1448998527
5305360637
200403283
5365401220
1380107789
1965653049
2003599541
5301853976
5516144439
5440169208
5045859622
1383194262
506716056
280386094
5262447232
976559900
1381694943
506799584
5365401220
233877479
5365401220
1769568693
2039955244
1393240372
1943973810
312205757
1922030273
2046442600
5164062025
5415143341
1498671769
878868623
2094881829
5041191861
1012126873
5547753911
5342270945
5111370011
776258458
5444982827
932196666
1284276478
1729593519
115296026
5063285275
419561580
68959446
334590648
5232798011
1932305580
5428274046
1174042249
214731407
1299268152
140091314
1321311247
1984073929
5206156688
5287474770
5538247749
5404931638
1259307824
5099644130
2039797509
840754970
1700014799
1838465673
1411581205
812163603
626209550
5348949854
5284086502
921050799
1232521101
1237071165
715897349
5117029989
1406494490
1349229178
